#testcase 1 ga dapat di solve 
#matrix = [[15, 2, 1, 12], [8, 5, 6, 11], [4, 9, 10, 7], [3, 14, 13, 16]]
#testcase 2
#matrix=[[1,2,3,4],[5,6,7,16],[9,10,12,8],[11,13,14,15]]
#testcase 3 yg dari ppt
#matrix=[[1,2,3,4],[5,6,16,8],[9,10,7,11],[13,14,15,12]]
#testcase 4 gagal
#matrix=[[1,3,4,15],[2,16,5,12], [7,6,11,14], [8,9,10,13]]
#testcase 5
#matrix= [[1,2,3,4],[5,6,16,12],[9,10,8,7],[13,14,11,15]]
#testcase 6
#matrix=[[1,2,3,4],[5,6,7,8],[16,13,9,10],[11,12,15,14]]

level:  22
waktu:  140.05642700195312
Jumlah Simpul: 41380



#testcase 7

#matrix=[[1,2,5,4],[3,6,16,7],[9,10,8,11],[13,14,15,12]]



#testcase8
matrix=[[2,3,15,4],[1,5,8,16],[13,7,6,14],[10,9,12,11]]
level:  24
waktu:  70.19233655929565
Jumlah Simpul: 32783